7 6
8 5
6 7
5 8
9 4
7 5
6 6
5 7
8 4
4 9
6 5
7 4
10 3
5 6
4 8
9 3
3 10
4 7
8 3
6 4
5 5
3 9
7 3
4 6
3 8
11 2
2 11
10 2
5 4
9 2
6 3
4 5
3 7
2 10
8 2
7 2
2 9
3 6
5 3
4 4
1 12
2 8
6 2
12 1
11 1
10 1
1 11
3 5
9 1
8 1
2 7
4 3
1 10
5 2
7 1
3 4
0 13
2 6
1 9
6 1
0 12
12 0
13 0
11 0
10 0
1 8
9 0
4 2
2 5
8 0
3 3
0 11
5 1
7 0
1 7
0 10
2 4
6 0
1 6
13 -1
12 -1
11 -1
-1 13
10 -1
0 9
9 -1
3 2
4 1
8 -1
-1 12
7 -1
5 0
0 8
2 3
1 5
-1 11
6 -1
0 7
-1 10
1 4
3 1
4 0
2 2
0 6
5 -1
-1 9
1 3
-1 8
0 5
4 -1
3 0
-1 7
2 1
0 4
1 2
-1 6
0 3
3 -1
-1 5
2 0
-1 4
0 2
2 -1
-1 3
-1 2
1 1
0 1
1 0
